3 0.254953 0.809770 0.010047 0.058497
2 0.272909 0.803873 0.007689 0.043390
2 0.279300 0.804440 0.006745 0.038083
2 0.308569 0.819080 0.031226 0.116595
0 0.189230 0.841020 0.066824 0.101702
0 0.220888 0.819080 0.036965 0.079755
3 0.242862 0.813428 0.011069 0.051181
3 0.250829 0.807163 0.005888 0.047945
3 0.261965 0.792469 0.006164 0.019663
0 0.288935 0.800836 0.009709 0.045874
0 0.350660 0.799080 0.020645 0.036687
0 0.358101 0.791702 0.013042 0.030706
0 0.335535 0.791902 0.010425 0.021534
0 0.487869 0.789632 0.078836 0.129816
0 0.628585 0.829747 0.178019 0.221610
