0 0.877720 0.797014 0.084158 0.067797
0 0.815283 0.786649 0.055339 0.063807
2 0.777236 0.779472 0.018442 0.031904
2 0.740327 0.820280 0.086683 0.204811
2 0.961143 0.778435 0.037663 0.054628
4 0.951759 0.845430 0.096482 0.087340
3 0.161420 0.857203 0.134246 0.269113
3 0.301401 0.856610 0.074585 0.203625
0 0.502588 0.823937 0.350905 0.307614
0 0.652224 0.808559 0.110905 0.169687
0 0.061740 0.863631 0.123480 0.232190
0 0.142607 0.832868 0.271545 0.236167
5 0.797657 0.601304 0.069384 0.063442
5 0.959133 0.531864 0.081734 0.078879
5 0.964918 0.586734 0.070163 0.030860
